76.4167
71.9231
75.3333
70.4615
79.9167
74.1538
72.0769
78.25
76.25
75.6154
78.25
76.25
76.2308
81.25
74
76.8462
74.7692
76.3333
70.1538
70.3846
75.25
76.2308
71.5385
76.0769
82.1667
81.0833
73.1538
76.3333
75.5833
73.5385
78.4167
71.0769
75.8462
76.3846
75.2308
80
79.5
76
75.7692
75.2308
72
80.25
77.8333
76.2308
73.2308
81
75.4167
72.6154
79.8333
76.1538
72.9231
73.3846
78.1667
76.3077
80.4167
76.9167
74.4615
76.5385
76.6923
71
72.0769
71.3077
77.9167
77.6667
77.6667
77
80.4167
76.2308
76.1538
75.6667
80.5
73.5385
77.9167
72.5385
72.8462
75.1538
79.5833
77
74.9231
76.3333
77
75.7692
80.5
76.0833
79.9167
75.75
78.75
76.6923
76.9231
82.3333
76.3333
75.75
78.3333
75.75
76.1538
75.0769
71.6923
74.8462
75.5385
75.7692
80.6667
74.9231
76.4167
75.8462
80.5833
72.6923
74.5385
77.25
72.4615
71.3846
79
78.6667
72.1538
74.3077
74.5385
70.9231
76.0769
75.8462
76.4615
76.25
76.3846
78
76.3077
79.5833
76.75
80.1667
81.25
78.25
78.4167
78
73.2308
76.7692
77.8333
77
79.3333
71.6154
75.3333
76.25
78.3333
75.1538
78.5833
77.5
73.7692
77.0769
78.9167
76.9167
75.1538
76.8462
76.9231
76.0833
76.3077
77.5833
75.2308
75.6667
76.1538
76
74
76.8333
81.75
79.75
75.25
78.1667
76.2308
80.9167
76.8333
75.75
81.5
74.6923
80.5833
75.6667
82
72.6923
74.5385
76.6923
76.6667
70.4615
77.0769
77.25
82.9167
75.6667
75.7692
81
77.6667
76.5833
77.0769
75.5385
77.0833
79.3333
78.0833
75.5385
81.6667
81.5833
75.9167
78.3333
76.2308
77.25
72.8462
76.7692
75.6667
74.6154
79.9167
71.7692
75.1538
80.75
81.75
72.4615
80.0833
76.6923
75.5385
76.7692
74.9231
77.5833
76.25
75.8462
76.75
77.8333
77.1667
74.1538
74.2308
75
77.4167
70.2308
80
75.6667
78.3333
76.0769
77.6667
72.4615
75.5
78.5
75.3846
78.4167
72
79.0833
72.6154
72
76.8333
71.5385
77.6667
74.6154
79.6667
81
75.8462
71.8462
76.1667
74.4615
82.25
76
80.3333
77.8333
71.3077
80.8333
75
74.6923
80.1667
73.8462
72.7692
76.0833
70.0769
78
70.3077
75.1538
72.6154
76.25
71.8462
74.0769
71.0769
75.5385
73.2308
75.8333
77.3333
75.1538
75.5
74.9231
75.6154
71.6923
76.8333
78.6667
75
75.75
72.8462
73.6923
81.0833
76.6154
76.3846
71.3846
81.0833
74.6923
72.3846
71.0769
74.6923
73.3846
77.0769
75.9231
75.25
81
75.2308
74.6154
78.5
76.2308
73.1538
75.1538
77.5
72.6154
77.0769
74.6923
72.1538
71.1538
74.0769
71.0769
75.0769
74.3077
76.5833
79.5
79.75
71.7692
76.75
81.4167
77.75
76.0769
70.5385
75.9231
75.6667
79.25
76.0769
75.0769
75.5
75.6667
75.25
78.25
78.3333
78
70.0769
76.3333
78.0833
75.5385
79.9167
79.25
77.0769
76.4615
75.8333
77.9167
80.5
77.0769
81.3333
76.0769
78.5
72.3846
72.4615
76.75
71.5385
76.5833
76.25
78.75
74.3846
77.9167
78
77.4167
76.9167
74.7692
74.2308
74.4615
75.6667
72
78.75
70.8462
73.9231
76.3333
72.7692
76.5833
81.5833
75.5
75.8462
76.8333
74.8462
73.6154
77.9167
75.9167
72.6923
77.75
71.3846
76.3333
75.3333
81.3333
77.1667
80.1667
75.8333
74
77.0833
75.4615
81
76.1538
76.9231
73.7692
76.75
79.9167
76
72.4615
80.5
76
75.1538
77.4167
73.6154
75.75
74.1538
78.5833
75.4167
76.5833
75.9231
82.4167
77.6667
74.4615
76.6154
74.6154
78.6667
80
74
75.5385
76.25
74.8462
76.9167
75.6923
76
76
71.7692
72.5385
75.25
76.4615
77
75.8333
76.9231
77
76.8333
79.25
81.0833
77.9167
77.0769
78.6667
79.9167
82.75
76.3333
78.0833
79.4167
76.4615
76.4167
78.3333
76.75
76.3077
75.3846
74.6154
76.1667
79.9167
75.2308
72.2308
76
77.0769
77.5
73.6154
74.0769
81.3333
81.1667
81.0833
80
74.3846
74.1538
72.3846
76.1667
71.7692
75.5
75.6923
81.1667
77.8333
75.6154
73.6154
75.5833
77.9167
81.25
77.4167
80
74.6923
73.4615
78
76.0833
77.3333
75.8462
77
78.5
78.1667
76.4167
76.5385
71
79.6667
69.8462
77.3333
73.9231
75.2308
75.3333
77.75
79
74.5385
